 0
   16     49     49    1
1  1    0.  0.  0.
    1  1   0.250000000   0.000000000   0.000000000
    2  1   0.250000000  11.250000000   0.000000000
    3  1   0.250000000  22.500000000   0.000000000
    4  1   0.250000000  33.750000000   0.000000000
    5  1   0.250000000  45.000000000   0.000000000
    6  1   0.250000000  56.250000000   0.000000000
    7  1   0.250000000  67.500000000   0.000000000
    8  1   0.250000000  78.750000000   0.000000000
    9  1   0.250000000  90.000000000   0.000000000
   10  1   0.250000000 101.250000000   0.000000000
   11  1   0.250000000 112.500000000   0.000000000
   12  1   0.250000000 123.750000000   0.000000000
   13  1   0.250000000 135.000000000   0.000000000
   14  1   0.250000000 146.250000000   0.000000000
   15  1   0.250000000 157.500000000   0.000000000
   16  1   0.250000000 168.750000000   0.000000000
   17  1   0.250000000 180.000000000   0.000000000
   18  1   0.250000000 191.250000000   0.000000000
   19  1   0.250000000 202.500000000   0.000000000
   20  1   0.250000000 213.750000000   0.000000000
   21  1   0.250000000 225.000000000   0.000000000
   22  1   0.250000000 236.250000000   0.000000000
   23  1   0.250000000 247.500000000   0.000000000
   24  1   0.250000000 258.750000000   0.000000000
   25  1   0.250000000 270.000000000   0.000000000
   26  1   0.250000000 281.250000000   0.000000000
   27  1   0.250000000 292.500000000   0.000000000
   28  1   0.250000000 303.750000000   0.000000000
   29  1   0.250000000 315.000000000   0.000000000
   30  1   0.250000000 326.250000000   0.000000000
   31  1   0.250000000 337.500000000   0.000000000
   32  1   0.250000000 348.750000000   0.000000000
   33  1   0.250000000   0.000000000   0.000000000
   34  1   0.250000000  22.500000000   0.000000000
   35  1   0.250000000  45.000000000   0.000000000
   36  1   0.250000000  67.500000000   0.000000000
   37  1   0.250000000  90.000000000   0.000000000
   38  1   0.250000000 112.500000000   0.000000000
   39  1   0.250000000 135.000000000   0.000000000
   40  1   0.250000000 157.500000000   0.000000000
   41  1   0.250000000 180.000000000   0.000000000
   42  1   0.250000000 202.500000000   0.000000000
   43  1   0.250000000 225.000000000   0.000000000
   44  1   0.250000000 247.500000000   0.000000000
   45  1   0.250000000 270.000000000   0.000000000
   46  1   0.250000000 292.500000000   0.000000000
   47  1   0.250000000 315.000000000   0.000000000
   48  1   0.250000000 337.500000000   0.000000000
   49  1   0.000000000   0.000000000   0.000000000
    1  1   0.000000000   0.000000000   1.000000000
    2  1   0.000000000   0.000000000   1.000000000
    3  1   0.000000000   0.000000000   1.000000000
    4  1   0.000000000   0.000000000   1.000000000
    5  1   0.000000000   0.000000000   1.000000000
    6  1   0.000000000   0.000000000   1.000000000
    7  1   0.000000000   0.000000000   1.000000000
    8  1   0.000000000   0.000000000   1.000000000
    9  1   0.000000000   0.000000000   1.000000000
   10  1   0.000000000   0.000000000   1.000000000
   11  1   0.000000000   0.000000000   1.000000000
   12  1   0.000000000   0.000000000   1.000000000
   13  1   0.000000000   0.000000000   1.000000000
   14  1   0.000000000   0.000000000   1.000000000
   15  1   0.000000000   0.000000000   1.000000000
   16  1   0.000000000   0.000000000   1.000000000
   17  1   0.000000000   0.000000000   1.000000000
   18  1   0.000000000   0.000000000   1.000000000
   19  1   0.000000000   0.000000000   1.000000000
   20  1   0.000000000   0.000000000   1.000000000
   21  1   0.000000000   0.000000000   1.000000000
   22  1   0.000000000   0.000000000   1.000000000
   23  1   0.000000000   0.000000000   1.000000000
   24  1   0.000000000   0.000000000   1.000000000
   25  1   0.000000000   0.000000000   1.000000000
   26  1   0.000000000   0.000000000   1.000000000
   27  1   0.000000000   0.000000000   1.000000000
   28  1   0.000000000   0.000000000   1.000000000
   29  1   0.000000000   0.000000000   1.000000000
   30  1   0.000000000   0.000000000   1.000000000
   31  1   0.000000000   0.000000000   1.000000000
   32  1   0.000000000   0.000000000   1.000000000
   33  1   0.000000000   0.000000000   1.000000000
   34  1   0.000000000   0.000000000   1.000000000
   35  1   0.000000000   0.000000000   1.000000000
   36  1   0.000000000   0.000000000   1.000000000
   37  1   0.000000000   0.000000000   1.000000000
   38  1   0.000000000   0.000000000   1.000000000
   39  1   0.000000000   0.000000000   1.000000000
   40  1   0.000000000   0.000000000   1.000000000
   41  1   0.000000000   0.000000000   1.000000000
   42  1   0.000000000   0.000000000   1.000000000
   43  1   0.000000000   0.000000000   1.000000000
   44  1   0.000000000   0.000000000   1.000000000
   45  1   0.000000000   0.000000000   1.000000000
   46  1   0.000000000   0.000000000   1.000000000
   47  1   0.000000000   0.000000000   1.000000000
   48  1   0.000000000   0.000000000   1.000000000
   49  1   0.000000000   0.000000000   1.000000000
    1  6
    1    3   49    2   34   33
    2  6
    3    5   49    4   35   34
    3  6
    5    7   49    6   36   35
    4  6
    7    9   49    8   37   36
    5  6
    9   11   49   10   38   37
    6  6
   11   13   49   12   39   38
    7  6
   13   15   49   14   40   39
    8  6
   15   17   49   16   41   40
    9  6
   17   19   49   18   42   41
   10  6
   19   21   49   20   43   42
   11  6
   21   23   49   22   44   43
   12  6
   23   25   49   24   45   44
   13  6
   25   27   49   26   46   45
   14  6
   27   29   49   28   47   46
   15  6
   29   31   49   30   48   47
   16  6
   31    1   49   32   33   48
    1  6
    1    3   49    2   34   33
    2  6
    3    5   49    4   35   34
    3  6
    5    7   49    6   36   35
    4  6
    7    9   49    8   37   36
    5  6
    9   11   49   10   38   37
    6  6
   11   13   49   12   39   38
    7  6
   13   15   49   14   40   39
    8  6
   15   17   49   16   41   40
    9  6
   17   19   49   18   42   41
   10  6
   19   21   49   20   43   42
   11  6
   21   23   49   22   44   43
   12  6
   23   25   49   24   45   44
   13  6
   25   27   49   26   46   45
   14  6
   27   29   49   28   47   46
   15  6
   29   31   49   30   48   47
   16  6
   31    1   49   32   33   48
