         144
           1 ,   8
      0.000000      0.525000      1.050000      1.050000      1.050000      0.525000      0.000000      0.000000
      0.000000      0.000000      0.000000      0.525000      1.050000      1.050000      1.050000      0.525000
      0.000000      0.000000      0.000000      0.000000      0.000000      0.000000      0.000000      0.000000
           2 ,   8
      0.000000      0.525000      1.050000      1.050000      1.050000      0.525000      0.000000      0.000000
      1.050000      1.050000      1.050000      1.575000      2.100000      2.100000      2.100000      1.575000
      0.000000      0.000000      0.000000      0.000000      0.000000      0.000000      0.000000      0.000000
           3 ,   8
      0.000000      0.525000      1.050000      1.050000      1.050000      0.525000      0.000000      0.000000
      2.100000      2.100000      2.100000      2.625000      3.150000      3.150000      3.150000      2.625000
      0.000000      0.000000      0.000000      0.000000      0.000000      0.000000      0.000000      0.000000
           4 ,   8
      0.000000      0.525000      1.050000      1.050000      1.050000      0.525000      0.000000      0.000000
      3.150000      3.150000      3.150000      3.675000      4.200000      4.200000      4.200000      3.675000
      0.000000      0.000000      0.000000      0.000000      0.000000      0.000000      0.000000      0.000000
           5 ,   8
      0.000000      0.525000      1.050000      1.050000      1.050000      0.525000      0.000000      0.000000
      4.200000      4.200000      4.200000      4.725000      5.250000      5.250000      5.250000      4.725000
      0.000000      0.000000      0.000000      0.000000      0.000000      0.000000      0.000000      0.000000
           6 ,   8
      0.000000      0.525000      1.050000      1.050000      1.050000      0.525000      0.000000      0.000000
      5.250000      5.250000      5.250000      5.775000      6.300000      6.300000      6.300000      5.775000
      0.000000      0.000000      0.000000      0.000000      0.000000      0.000000      0.000000      0.000000
           7 ,   8
      1.050000      1.575000      2.100000      2.100000      2.100000      1.575000      1.050000      1.050000
      0.000000      0.000000      0.000000      0.525000      1.050000      1.050000      1.050000      0.525000
      0.000000      0.000000      0.000000      0.000000      0.000000      0.000000      0.000000      0.000000
           8 ,   8
      1.050000      1.575000      2.100000      2.100000      2.100000      1.575000      1.050000      1.050000
      1.050000      1.050000      1.050000      1.575000      2.100000      2.100000      2.100000      1.575000
      0.000000      0.000000      0.000000      0.000000      0.000000      0.000000      0.000000      0.000000
           9 ,   8
      1.050000      1.575000      2.100000      2.100000      2.100000      1.575000      1.050000      1.050000
      2.100000      2.100000      2.100000      2.625000      3.150000      3.150000      3.150000      2.625000
      0.000000      0.000000      0.000000      0.000000      0.000000      0.000000      0.000000      0.000000
          10 ,   8
      1.050000      1.575000      2.100000      2.100000      2.100000      1.575000      1.050000      1.050000
      3.150000      3.150000      3.150000      3.675000      4.200000      4.200000      4.200000      3.675000
      0.000000      0.000000      0.000000      0.000000      0.000000      0.000000      0.000000      0.000000
          11 ,   8
      1.050000      1.575000      2.100000      2.100000      2.100000      1.575000      1.050000      1.050000
      4.200000      4.200000      4.200000      4.725000      5.250000      5.250000      5.250000      4.725000
      0.000000      0.000000      0.000000      0.000000      0.000000      0.000000      0.000000      0.000000
          12 ,   8
      1.050000      1.575000      2.100000      2.100000      2.100000      1.575000      1.050000      1.050000
      5.250000      5.250000      5.250000      5.775000      6.300000      6.300000      6.300000      5.775000
      0.000000      0.000000      0.000000      0.000000      0.000000      0.000000      0.000000      0.000000
          13 ,   8
      2.100000      2.625000      3.150000      3.150000      3.150000      2.625000      2.100000      2.100000
      0.000000      0.000000      0.000000      0.525000      1.050000      1.050000      1.050000      0.525000
      0.000000      0.000000      0.000000      0.000000      0.000000      0.000000      0.000000      0.000000
          14 ,   8
      2.100000      2.625000      3.150000      3.150000      3.150000      2.625000      2.100000      2.100000
      1.050000      1.050000      1.050000      1.575000      2.100000      2.100000      2.100000      1.575000
      0.000000      0.000000      0.000000      0.000000      0.000000      0.000000      0.000000      0.000000
          15 ,   8
      2.100000      2.625000      3.150000      3.150000      3.150000      2.625000      2.100000      2.100000
      2.100000      2.100000      2.100000      2.625000      3.150000      3.150000      3.150000      2.625000
      0.000000      0.000000      0.000000      0.000000      0.000000      0.000000      0.000000      0.000000
          16 ,   8
      2.100000      2.625000      3.150000      3.150000      3.150000      2.625000      2.100000      2.100000
      3.150000      3.150000      3.150000      3.675000      4.200000      4.200000      4.200000      3.675000
      0.000000      0.000000      0.000000      0.000000      0.000000      0.000000      0.000000      0.000000
          17 ,   8
      2.100000      2.625000      3.150000      3.150000      3.150000      2.625000      2.100000      2.100000
      4.200000      4.200000      4.200000      4.725000      5.250000      5.250000      5.250000      4.725000
      0.000000      0.000000      0.000000      0.000000      0.000000      0.000000      0.000000      0.000000
          18 ,   8
      2.100000      2.625000      3.150000      3.150000      3.150000      2.625000      2.100000      2.100000
      5.250000      5.250000      5.250000      5.775000      6.300000      6.300000      6.300000      5.775000
      0.000000      0.000000      0.000000      0.000000      0.000000      0.000000      0.000000      0.000000
          19 ,   8
      3.150000      3.675000      4.200000      4.200000      4.200000      3.675000      3.150000      3.150000
      0.000000      0.000000      0.000000      0.525000      1.050000      1.050000      1.050000      0.525000
      0.000000      0.000000      0.000000      0.000000      0.000000      0.000000      0.000000      0.000000
          20 ,   8
      3.150000      3.675000      4.200000      4.200000      4.200000      3.675000      3.150000      3.150000
      1.050000      1.050000      1.050000      1.575000      2.100000      2.100000      2.100000      1.575000
      0.000000      0.000000      0.000000      0.000000      0.000000      0.000000      0.000000      0.000000
          21 ,   8
      3.150000      3.675000      4.200000      4.200000      4.200000      3.675000      3.150000      3.150000
      2.100000      2.100000      2.100000      2.625000      3.150000      3.150000      3.150000      2.625000
      0.000000      0.000000      0.000000      0.000000      0.000000      0.000000      0.000000      0.000000
          22 ,   8
      3.150000      3.675000      4.200000      4.200000      4.200000      3.675000      3.150000      3.150000
      3.150000      3.150000      3.150000      3.675000      4.200000      4.200000      4.200000      3.675000
      0.000000      0.000000      0.000000      0.000000      0.000000      0.000000      0.000000      0.000000
          23 ,   8
      3.150000      3.675000      4.200000      4.200000      4.200000      3.675000      3.150000      3.150000
      4.200000      4.200000      4.200000      4.725000      5.250000      5.250000      5.250000      4.725000
      0.000000      0.000000      0.000000      0.000000      0.000000      0.000000      0.000000      0.000000
          24 ,   8
      3.150000      3.675000      4.200000      4.200000      4.200000      3.675000      3.150000      3.150000
      5.250000      5.250000      5.250000      5.775000      6.300000      6.300000      6.300000      5.775000
      0.000000      0.000000      0.000000      0.000000      0.000000      0.000000      0.000000      0.000000
          25 ,   8
      4.200000      4.725000      5.250000      5.250000      5.250000      4.725000      4.200000      4.200000
      0.000000      0.000000      0.000000      0.525000      1.050000      1.050000      1.050000      0.525000
      0.000000      0.000000      0.000000      0.000000      0.000000      0.000000      0.000000      0.000000
          26 ,   8
      4.200000      4.725000      5.250000      5.250000      5.250000      4.725000      4.200000      4.200000
      1.050000      1.050000      1.050000      1.575000      2.100000      2.100000      2.100000      1.575000
      0.000000      0.000000      0.000000      0.000000      0.000000      0.000000      0.000000      0.000000
          27 ,   8
      4.200000      4.725000      5.250000      5.250000      5.250000      4.725000      4.200000      4.200000
      2.100000      2.100000      2.100000      2.625000      3.150000      3.150000      3.150000      2.625000
      0.000000      0.000000      0.000000      0.000000      0.000000      0.000000      0.000000      0.000000
          28 ,   8
      4.200000      4.725000      5.250000      5.250000      5.250000      4.725000      4.200000      4.200000
      3.150000      3.150000      3.150000      3.675000      4.200000      4.200000      4.200000      3.675000
      0.000000      0.000000      0.000000      0.000000      0.000000      0.000000      0.000000      0.000000
          29 ,   8
      4.200000      4.725000      5.250000      5.250000      5.250000      4.725000      4.200000      4.200000
      4.200000      4.200000      4.200000      4.725000      5.250000      5.250000      5.250000      4.725000
      0.000000      0.000000      0.000000      0.000000      0.000000      0.000000      0.000000      0.000000
          30 ,   8
      4.200000      4.725000      5.250000      5.250000      5.250000      4.725000      4.200000      4.200000
      5.250000      5.250000      5.250000      5.775000      6.300000      6.300000      6.300000      5.775000
      0.000000      0.000000      0.000000      0.000000      0.000000      0.000000      0.000000      0.000000
          31 ,   8
      5.250000      5.775000      6.300000      6.300000      6.300000      5.775000      5.250000      5.250000
      0.000000      0.000000      0.000000      0.525000      1.050000      1.050000      1.050000      0.525000
      0.000000      0.000000      0.000000      0.000000      0.000000      0.000000      0.000000      0.000000
          32 ,   8
      5.250000      5.775000      6.300000      6.300000      6.300000      5.775000      5.250000      5.250000
      1.050000      1.050000      1.050000      1.575000      2.100000      2.100000      2.100000      1.575000
      0.000000      0.000000      0.000000      0.000000      0.000000      0.000000      0.000000      0.000000
          33 ,   8
      5.250000      5.775000      6.300000      6.300000      6.300000      5.775000      5.250000      5.250000
      2.100000      2.100000      2.100000      2.625000      3.150000      3.150000      3.150000      2.625000
      0.000000      0.000000      0.000000      0.000000      0.000000      0.000000      0.000000      0.000000
          34 ,   8
      5.250000      5.775000      6.300000      6.300000      6.300000      5.775000      5.250000      5.250000
      3.150000      3.150000      3.150000      3.675000      4.200000      4.200000      4.200000      3.675000
      0.000000      0.000000      0.000000      0.000000      0.000000      0.000000      0.000000      0.000000
          35 ,   8
      5.250000      5.775000      6.300000      6.300000      6.300000      5.775000      5.250000      5.250000
      4.200000      4.200000      4.200000      4.725000      5.250000      5.250000      5.250000      4.725000
      0.000000      0.000000      0.000000      0.000000      0.000000      0.000000      0.000000      0.000000
          36 ,   8
      5.250000      5.775000      6.300000      6.300000      6.300000      5.775000      5.250000      5.250000
      5.250000      5.250000      5.250000      5.775000      6.300000      6.300000      6.300000      5.775000
      0.000000      0.000000      0.000000      0.000000      0.000000      0.000000      0.000000      0.000000
          37 ,   8
      0.000000      0.525000      1.050000      1.050000      1.050000      0.525000      0.000000      0.000000
     -6.300000     -6.300000     -6.300000     -5.775000     -5.250000     -5.250000     -5.250000     -5.775000
      0.000000      0.000000      0.000000      0.000000      0.000000      0.000000      0.000000      0.000000
          38 ,   8
      0.000000      0.525000      1.050000      1.050000      1.050000      0.525000      0.000000      0.000000
     -5.250000     -5.250000     -5.250000     -4.725000     -4.200000     -4.200000     -4.200000     -4.725000
      0.000000      0.000000      0.000000      0.000000      0.000000      0.000000      0.000000      0.000000
          39 ,   8
      0.000000      0.525000      1.050000      1.050000      1.050000      0.525000      0.000000      0.000000
     -4.200000     -4.200000     -4.200000     -3.675000     -3.150000     -3.150000     -3.150000     -3.675000
      0.000000      0.000000      0.000000      0.000000      0.000000      0.000000      0.000000      0.000000
          40 ,   8
      0.000000      0.525000      1.050000      1.050000      1.050000      0.525000      0.000000      0.000000
     -3.150000     -3.150000     -3.150000     -2.625000     -2.100000     -2.100000     -2.100000     -2.625000
      0.000000      0.000000      0.000000      0.000000      0.000000      0.000000      0.000000      0.000000
          41 ,   8
      0.000000      0.525000      1.050000      1.050000      1.050000      0.525000      0.000000      0.000000
     -2.100000     -2.100000     -2.100000     -1.575000     -1.050000     -1.050000     -1.050000     -1.575000
      0.000000      0.000000      0.000000      0.000000      0.000000      0.000000      0.000000      0.000000
          42 ,   8
      0.000000      0.525000      1.050000      1.050000      1.050000      0.525000      0.000000      0.000000
     -1.050000     -1.050000     -1.050000     -0.525000      0.000000      0.000000      0.000000     -0.525000
      0.000000      0.000000      0.000000      0.000000      0.000000      0.000000      0.000000      0.000000
          43 ,   8
      1.050000      1.575000      2.100000      2.100000      2.100000      1.575000      1.050000      1.050000
     -6.300000     -6.300000     -6.300000     -5.775000     -5.250000     -5.250000     -5.250000     -5.775000
      0.000000      0.000000      0.000000      0.000000      0.000000      0.000000      0.000000      0.000000
          44 ,   8
      1.050000      1.575000      2.100000      2.100000      2.100000      1.575000      1.050000      1.050000
     -5.250000     -5.250000     -5.250000     -4.725000     -4.200000     -4.200000     -4.200000     -4.725000
      0.000000      0.000000      0.000000      0.000000      0.000000      0.000000      0.000000      0.000000
          45 ,   8
      1.050000      1.575000      2.100000      2.100000      2.100000      1.575000      1.050000      1.050000
     -4.200000     -4.200000     -4.200000     -3.675000     -3.150000     -3.150000     -3.150000     -3.675000
      0.000000      0.000000      0.000000      0.000000      0.000000      0.000000      0.000000      0.000000
          46 ,   8
      1.050000      1.575000      2.100000      2.100000      2.100000      1.575000      1.050000      1.050000
     -3.150000     -3.150000     -3.150000     -2.625000     -2.100000     -2.100000     -2.100000     -2.625000
      0.000000      0.000000      0.000000      0.000000      0.000000      0.000000      0.000000      0.000000
          47 ,   8
      1.050000      1.575000      2.100000      2.100000      2.100000      1.575000      1.050000      1.050000
     -2.100000     -2.100000     -2.100000     -1.575000     -1.050000     -1.050000     -1.050000     -1.575000
      0.000000      0.000000      0.000000      0.000000      0.000000      0.000000      0.000000      0.000000
          48 ,   8
      1.050000      1.575000      2.100000      2.100000      2.100000      1.575000      1.050000      1.050000
     -1.050000     -1.050000     -1.050000     -0.525000      0.000000      0.000000      0.000000     -0.525000
      0.000000      0.000000      0.000000      0.000000      0.000000      0.000000      0.000000      0.000000
          49 ,   8
      2.100000      2.625000      3.150000      3.150000      3.150000      2.625000      2.100000      2.100000
     -6.300000     -6.300000     -6.300000     -5.775000     -5.250000     -5.250000     -5.250000     -5.775000
      0.000000      0.000000      0.000000      0.000000      0.000000      0.000000      0.000000      0.000000
          50 ,   8
      2.100000      2.625000      3.150000      3.150000      3.150000      2.625000      2.100000      2.100000
     -5.250000     -5.250000     -5.250000     -4.725000     -4.200000     -4.200000     -4.200000     -4.725000
      0.000000      0.000000      0.000000      0.000000      0.000000      0.000000      0.000000      0.000000
          51 ,   8
      2.100000      2.625000      3.150000      3.150000      3.150000      2.625000      2.100000      2.100000
     -4.200000     -4.200000     -4.200000     -3.675000     -3.150000     -3.150000     -3.150000     -3.675000
      0.000000      0.000000      0.000000      0.000000      0.000000      0.000000      0.000000      0.000000
          52 ,   8
      2.100000      2.625000      3.150000      3.150000      3.150000      2.625000      2.100000      2.100000
     -3.150000     -3.150000     -3.150000     -2.625000     -2.100000     -2.100000     -2.100000     -2.625000
      0.000000      0.000000      0.000000      0.000000      0.000000      0.000000      0.000000      0.000000
          53 ,   8
      2.100000      2.625000      3.150000      3.150000      3.150000      2.625000      2.100000      2.100000
     -2.100000     -2.100000     -2.100000     -1.575000     -1.050000     -1.050000     -1.050000     -1.575000
      0.000000      0.000000      0.000000      0.000000      0.000000      0.000000      0.000000      0.000000
          54 ,   8
      2.100000      2.625000      3.150000      3.150000      3.150000      2.625000      2.100000      2.100000
     -1.050000     -1.050000     -1.050000     -0.525000      0.000000      0.000000      0.000000     -0.525000
      0.000000      0.000000      0.000000      0.000000      0.000000      0.000000      0.000000      0.000000
          55 ,   8
      3.150000      3.675000      4.200000      4.200000      4.200000      3.675000      3.150000      3.150000
     -6.300000     -6.300000     -6.300000     -5.775000     -5.250000     -5.250000     -5.250000     -5.775000
      0.000000      0.000000      0.000000      0.000000      0.000000      0.000000      0.000000      0.000000
          56 ,   8
      3.150000      3.675000      4.200000      4.200000      4.200000      3.675000      3.150000      3.150000
     -5.250000     -5.250000     -5.250000     -4.725000     -4.200000     -4.200000     -4.200000     -4.725000
      0.000000      0.000000      0.000000      0.000000      0.000000      0.000000      0.000000      0.000000
          57 ,   8
      3.150000      3.675000      4.200000      4.200000      4.200000      3.675000      3.150000      3.150000
     -4.200000     -4.200000     -4.200000     -3.675000     -3.150000     -3.150000     -3.150000     -3.675000
      0.000000      0.000000      0.000000      0.000000      0.000000      0.000000      0.000000      0.000000
          58 ,   8
      3.150000      3.675000      4.200000      4.200000      4.200000      3.675000      3.150000      3.150000
     -3.150000     -3.150000     -3.150000     -2.625000     -2.100000     -2.100000     -2.100000     -2.625000
      0.000000      0.000000      0.000000      0.000000      0.000000      0.000000      0.000000      0.000000
          59 ,   8
      3.150000      3.675000      4.200000      4.200000      4.200000      3.675000      3.150000      3.150000
     -2.100000     -2.100000     -2.100000     -1.575000     -1.050000     -1.050000     -1.050000     -1.575000
      0.000000      0.000000      0.000000      0.000000      0.000000      0.000000      0.000000      0.000000
          60 ,   8
      3.150000      3.675000      4.200000      4.200000      4.200000      3.675000      3.150000      3.150000
     -1.050000     -1.050000     -1.050000     -0.525000      0.000000      0.000000      0.000000     -0.525000
      0.000000      0.000000      0.000000      0.000000      0.000000      0.000000      0.000000      0.000000
          61 ,   8
      4.200000      4.725000      5.250000      5.250000      5.250000      4.725000      4.200000      4.200000
     -6.300000     -6.300000     -6.300000     -5.775000     -5.250000     -5.250000     -5.250000     -5.775000
      0.000000      0.000000      0.000000      0.000000      0.000000      0.000000      0.000000      0.000000
          62 ,   8
      4.200000      4.725000      5.250000      5.250000      5.250000      4.725000      4.200000      4.200000
     -5.250000     -5.250000     -5.250000     -4.725000     -4.200000     -4.200000     -4.200000     -4.725000
      0.000000      0.000000      0.000000      0.000000      0.000000      0.000000      0.000000      0.000000
          63 ,   8
      4.200000      4.725000      5.250000      5.250000      5.250000      4.725000      4.200000      4.200000
     -4.200000     -4.200000     -4.200000     -3.675000     -3.150000     -3.150000     -3.150000     -3.675000
      0.000000      0.000000      0.000000      0.000000      0.000000      0.000000      0.000000      0.000000
          64 ,   8
      4.200000      4.725000      5.250000      5.250000      5.250000      4.725000      4.200000      4.200000
     -3.150000     -3.150000     -3.150000     -2.625000     -2.100000     -2.100000     -2.100000     -2.625000
      0.000000      0.000000      0.000000      0.000000      0.000000      0.000000      0.000000      0.000000
          65 ,   8
      4.200000      4.725000      5.250000      5.250000      5.250000      4.725000      4.200000      4.200000
     -2.100000     -2.100000     -2.100000     -1.575000     -1.050000     -1.050000     -1.050000     -1.575000
      0.000000      0.000000      0.000000      0.000000      0.000000      0.000000      0.000000      0.000000
          66 ,   8
      4.200000      4.725000      5.250000      5.250000      5.250000      4.725000      4.200000      4.200000
     -1.050000     -1.050000     -1.050000     -0.525000      0.000000      0.000000      0.000000     -0.525000
      0.000000      0.000000      0.000000      0.000000      0.000000      0.000000      0.000000      0.000000
          67 ,   8
      5.250000      5.775000      6.300000      6.300000      6.300000      5.775000      5.250000      5.250000
     -6.300000     -6.300000     -6.300000     -5.775000     -5.250000     -5.250000     -5.250000     -5.775000
      0.000000      0.000000      0.000000      0.000000      0.000000      0.000000      0.000000      0.000000
          68 ,   8
      5.250000      5.775000      6.300000      6.300000      6.300000      5.775000      5.250000      5.250000
     -5.250000     -5.250000     -5.250000     -4.725000     -4.200000     -4.200000     -4.200000     -4.725000
      0.000000      0.000000      0.000000      0.000000      0.000000      0.000000      0.000000      0.000000
          69 ,   8
      5.250000      5.775000      6.300000      6.300000      6.300000      5.775000      5.250000      5.250000
     -4.200000     -4.200000     -4.200000     -3.675000     -3.150000     -3.150000     -3.150000     -3.675000
      0.000000      0.000000      0.000000      0.000000      0.000000      0.000000      0.000000      0.000000
          70 ,   8
      5.250000      5.775000      6.300000      6.300000      6.300000      5.775000      5.250000      5.250000
     -3.150000     -3.150000     -3.150000     -2.625000     -2.100000     -2.100000     -2.100000     -2.625000
      0.000000      0.000000      0.000000      0.000000      0.000000      0.000000      0.000000      0.000000
          71 ,   8
      5.250000      5.775000      6.300000      6.300000      6.300000      5.775000      5.250000      5.250000
     -2.100000     -2.100000     -2.100000     -1.575000     -1.050000     -1.050000     -1.050000     -1.575000
      0.000000      0.000000      0.000000      0.000000      0.000000      0.000000      0.000000      0.000000
          72 ,   8
      5.250000      5.775000      6.300000      6.300000      6.300000      5.775000      5.250000      5.250000
     -1.050000     -1.050000     -1.050000     -0.525000      0.000000      0.000000      0.000000     -0.525000
      0.000000      0.000000      0.000000      0.000000      0.000000      0.000000      0.000000      0.000000
          73 ,   8
     -6.300000     -5.775000     -5.250000     -5.250000     -5.250000     -5.775000     -6.300000     -6.300000
      0.000000      0.000000      0.000000      0.525000      1.050000      1.050000      1.050000      0.525000
      0.000000      0.000000      0.000000      0.000000      0.000000      0.000000      0.000000      0.000000
          74 ,   8
     -6.300000     -5.775000     -5.250000     -5.250000     -5.250000     -5.775000     -6.300000     -6.300000
      1.050000      1.050000      1.050000      1.575000      2.100000      2.100000      2.100000      1.575000
      0.000000      0.000000      0.000000      0.000000      0.000000      0.000000      0.000000      0.000000
          75 ,   8
     -6.300000     -5.775000     -5.250000     -5.250000     -5.250000     -5.775000     -6.300000     -6.300000
      2.100000      2.100000      2.100000      2.625000      3.150000      3.150000      3.150000      2.625000
      0.000000      0.000000      0.000000      0.000000      0.000000      0.000000      0.000000      0.000000
          76 ,   8
     -6.300000     -5.775000     -5.250000     -5.250000     -5.250000     -5.775000     -6.300000     -6.300000
      3.150000      3.150000      3.150000      3.675000      4.200000      4.200000      4.200000      3.675000
      0.000000      0.000000      0.000000      0.000000      0.000000      0.000000      0.000000      0.000000
          77 ,   8
     -6.300000     -5.775000     -5.250000     -5.250000     -5.250000     -5.775000     -6.300000     -6.300000
      4.200000      4.200000      4.200000      4.725000      5.250000      5.250000      5.250000      4.725000
      0.000000      0.000000      0.000000      0.000000      0.000000      0.000000      0.000000      0.000000
          78 ,   8
     -6.300000     -5.775000     -5.250000     -5.250000     -5.250000     -5.775000     -6.300000     -6.300000
      5.250000      5.250000      5.250000      5.775000      6.300000      6.300000      6.300000      5.775000
      0.000000      0.000000      0.000000      0.000000      0.000000      0.000000      0.000000      0.000000
          79 ,   8
     -5.250000     -4.725000     -4.200000     -4.200000     -4.200000     -4.725000     -5.250000     -5.250000
      0.000000      0.000000      0.000000      0.525000      1.050000      1.050000      1.050000      0.525000
      0.000000      0.000000      0.000000      0.000000      0.000000      0.000000      0.000000      0.000000
          80 ,   8
     -5.250000     -4.725000     -4.200000     -4.200000     -4.200000     -4.725000     -5.250000     -5.250000
      1.050000      1.050000      1.050000      1.575000      2.100000      2.100000      2.100000      1.575000
      0.000000      0.000000      0.000000      0.000000      0.000000      0.000000      0.000000      0.000000
          81 ,   8
     -5.250000     -4.725000     -4.200000     -4.200000     -4.200000     -4.725000     -5.250000     -5.250000
      2.100000      2.100000      2.100000      2.625000      3.150000      3.150000      3.150000      2.625000
      0.000000      0.000000      0.000000      0.000000      0.000000      0.000000      0.000000      0.000000
          82 ,   8
     -5.250000     -4.725000     -4.200000     -4.200000     -4.200000     -4.725000     -5.250000     -5.250000
      3.150000      3.150000      3.150000      3.675000      4.200000      4.200000      4.200000      3.675000
      0.000000      0.000000      0.000000      0.000000      0.000000      0.000000      0.000000      0.000000
          83 ,   8
     -5.250000     -4.725000     -4.200000     -4.200000     -4.200000     -4.725000     -5.250000     -5.250000
      4.200000      4.200000      4.200000      4.725000      5.250000      5.250000      5.250000      4.725000
      0.000000      0.000000      0.000000      0.000000      0.000000      0.000000      0.000000      0.000000
          84 ,   8
     -5.250000     -4.725000     -4.200000     -4.200000     -4.200000     -4.725000     -5.250000     -5.250000
      5.250000      5.250000      5.250000      5.775000      6.300000      6.300000      6.300000      5.775000
      0.000000      0.000000      0.000000      0.000000      0.000000      0.000000      0.000000      0.000000
          85 ,   8
     -4.200000     -3.675000     -3.150000     -3.150000     -3.150000     -3.675000     -4.200000     -4.200000
      0.000000      0.000000      0.000000      0.525000      1.050000      1.050000      1.050000      0.525000
      0.000000      0.000000      0.000000      0.000000      0.000000      0.000000      0.000000      0.000000
          86 ,   8
     -4.200000     -3.675000     -3.150000     -3.150000     -3.150000     -3.675000     -4.200000     -4.200000
      1.050000      1.050000      1.050000      1.575000      2.100000      2.100000      2.100000      1.575000
      0.000000      0.000000      0.000000      0.000000      0.000000      0.000000      0.000000      0.000000
          87 ,   8
     -4.200000     -3.675000     -3.150000     -3.150000     -3.150000     -3.675000     -4.200000     -4.200000
      2.100000      2.100000      2.100000      2.625000      3.150000      3.150000      3.150000      2.625000
      0.000000      0.000000      0.000000      0.000000      0.000000      0.000000      0.000000      0.000000
          88 ,   8
     -4.200000     -3.675000     -3.150000     -3.150000     -3.150000     -3.675000     -4.200000     -4.200000
      3.150000      3.150000      3.150000      3.675000      4.200000      4.200000      4.200000      3.675000
      0.000000      0.000000      0.000000      0.000000      0.000000      0.000000      0.000000      0.000000
          89 ,   8
     -4.200000     -3.675000     -3.150000     -3.150000     -3.150000     -3.675000     -4.200000     -4.200000
      4.200000      4.200000      4.200000      4.725000      5.250000      5.250000      5.250000      4.725000
      0.000000      0.000000      0.000000      0.000000      0.000000      0.000000      0.000000      0.000000
          90 ,   8
     -4.200000     -3.675000     -3.150000     -3.150000     -3.150000     -3.675000     -4.200000     -4.200000
      5.250000      5.250000      5.250000      5.775000      6.300000      6.300000      6.300000      5.775000
      0.000000      0.000000      0.000000      0.000000      0.000000      0.000000      0.000000      0.000000
          91 ,   8
     -3.150000     -2.625000     -2.100000     -2.100000     -2.100000     -2.625000     -3.150000     -3.150000
      0.000000      0.000000      0.000000      0.525000      1.050000      1.050000      1.050000      0.525000
      0.000000      0.000000      0.000000      0.000000      0.000000      0.000000      0.000000      0.000000
          92 ,   8
     -3.150000     -2.625000     -2.100000     -2.100000     -2.100000     -2.625000     -3.150000     -3.150000
      1.050000      1.050000      1.050000      1.575000      2.100000      2.100000      2.100000      1.575000
      0.000000      0.000000      0.000000      0.000000      0.000000      0.000000      0.000000      0.000000
          93 ,   8
     -3.150000     -2.625000     -2.100000     -2.100000     -2.100000     -2.625000     -3.150000     -3.150000
      2.100000      2.100000      2.100000      2.625000      3.150000      3.150000      3.150000      2.625000
      0.000000      0.000000      0.000000      0.000000      0.000000      0.000000      0.000000      0.000000
          94 ,   8
     -3.150000     -2.625000     -2.100000     -2.100000     -2.100000     -2.625000     -3.150000     -3.150000
      3.150000      3.150000      3.150000      3.675000      4.200000      4.200000      4.200000      3.675000
      0.000000      0.000000      0.000000      0.000000      0.000000      0.000000      0.000000      0.000000
          95 ,   8
     -3.150000     -2.625000     -2.100000     -2.100000     -2.100000     -2.625000     -3.150000     -3.150000
      4.200000      4.200000      4.200000      4.725000      5.250000      5.250000      5.250000      4.725000
      0.000000      0.000000      0.000000      0.000000      0.000000      0.000000      0.000000      0.000000
          96 ,   8
     -3.150000     -2.625000     -2.100000     -2.100000     -2.100000     -2.625000     -3.150000     -3.150000
      5.250000      5.250000      5.250000      5.775000      6.300000      6.300000      6.300000      5.775000
      0.000000      0.000000      0.000000      0.000000      0.000000      0.000000      0.000000      0.000000
          97 ,   8
     -2.100000     -1.575000     -1.050000     -1.050000     -1.050000     -1.575000     -2.100000     -2.100000
      0.000000      0.000000      0.000000      0.525000      1.050000      1.050000      1.050000      0.525000
      0.000000      0.000000      0.000000      0.000000      0.000000      0.000000      0.000000      0.000000
          98 ,   8
     -2.100000     -1.575000     -1.050000     -1.050000     -1.050000     -1.575000     -2.100000     -2.100000
      1.050000      1.050000      1.050000      1.575000      2.100000      2.100000      2.100000      1.575000
      0.000000      0.000000      0.000000      0.000000      0.000000      0.000000      0.000000      0.000000
          99 ,   8
     -2.100000     -1.575000     -1.050000     -1.050000     -1.050000     -1.575000     -2.100000     -2.100000
      2.100000      2.100000      2.100000      2.625000      3.150000      3.150000      3.150000      2.625000
      0.000000      0.000000      0.000000      0.000000      0.000000      0.000000      0.000000      0.000000
         100 ,   8
     -2.100000     -1.575000     -1.050000     -1.050000     -1.050000     -1.575000     -2.100000     -2.100000
      3.150000      3.150000      3.150000      3.675000      4.200000      4.200000      4.200000      3.675000
      0.000000      0.000000      0.000000      0.000000      0.000000      0.000000      0.000000      0.000000
         101 ,   8
     -2.100000     -1.575000     -1.050000     -1.050000     -1.050000     -1.575000     -2.100000     -2.100000
      4.200000      4.200000      4.200000      4.725000      5.250000      5.250000      5.250000      4.725000
      0.000000      0.000000      0.000000      0.000000      0.000000      0.000000      0.000000      0.000000
         102 ,   8
     -2.100000     -1.575000     -1.050000     -1.050000     -1.050000     -1.575000     -2.100000     -2.100000
      5.250000      5.250000      5.250000      5.775000      6.300000      6.300000      6.300000      5.775000
      0.000000      0.000000      0.000000      0.000000      0.000000      0.000000      0.000000      0.000000
         103 ,   8
     -1.050000     -0.525000      0.000000      0.000000      0.000000     -0.525000     -1.050000     -1.050000
      0.000000      0.000000      0.000000      0.525000      1.050000      1.050000      1.050000      0.525000
      0.000000      0.000000      0.000000      0.000000      0.000000      0.000000      0.000000      0.000000
         104 ,   8
     -1.050000     -0.525000      0.000000      0.000000      0.000000     -0.525000     -1.050000     -1.050000
      1.050000      1.050000      1.050000      1.575000      2.100000      2.100000      2.100000      1.575000
      0.000000      0.000000      0.000000      0.000000      0.000000      0.000000      0.000000      0.000000
         105 ,   8
     -1.050000     -0.525000      0.000000      0.000000      0.000000     -0.525000     -1.050000     -1.050000
      2.100000      2.100000      2.100000      2.625000      3.150000      3.150000      3.150000      2.625000
      0.000000      0.000000      0.000000      0.000000      0.000000      0.000000      0.000000      0.000000
         106 ,   8
     -1.050000     -0.525000      0.000000      0.000000      0.000000     -0.525000     -1.050000     -1.050000
      3.150000      3.150000      3.150000      3.675000      4.200000      4.200000      4.200000      3.675000
      0.000000      0.000000      0.000000      0.000000      0.000000      0.000000      0.000000      0.000000
         107 ,   8
     -1.050000     -0.525000      0.000000      0.000000      0.000000     -0.525000     -1.050000     -1.050000
      4.200000      4.200000      4.200000      4.725000      5.250000      5.250000      5.250000      4.725000
      0.000000      0.000000      0.000000      0.000000      0.000000      0.000000      0.000000      0.000000
         108 ,   8
     -1.050000     -0.525000      0.000000      0.000000      0.000000     -0.525000     -1.050000     -1.050000
      5.250000      5.250000      5.250000      5.775000      6.300000      6.300000      6.300000      5.775000
      0.000000      0.000000      0.000000      0.000000      0.000000      0.000000      0.000000      0.000000
         109 ,   8
     -6.300000     -5.775000     -5.250000     -5.250000     -5.250000     -5.775000     -6.300000     -6.300000
     -6.300000     -6.300000     -6.300000     -5.775000     -5.250000     -5.250000     -5.250000     -5.775000
      0.000000      0.000000      0.000000      0.000000      0.000000      0.000000      0.000000      0.000000
         110 ,   8
     -6.300000     -5.775000     -5.250000     -5.250000     -5.250000     -5.775000     -6.300000     -6.300000
     -5.250000     -5.250000     -5.250000     -4.725000     -4.200000     -4.200000     -4.200000     -4.725000
      0.000000      0.000000      0.000000      0.000000      0.000000      0.000000      0.000000      0.000000
         111 ,   8
     -6.300000     -5.775000     -5.250000     -5.250000     -5.250000     -5.775000     -6.300000     -6.300000
     -4.200000     -4.200000     -4.200000     -3.675000     -3.150000     -3.150000     -3.150000     -3.675000
      0.000000      0.000000      0.000000      0.000000      0.000000      0.000000      0.000000      0.000000
         112 ,   8
     -6.300000     -5.775000     -5.250000     -5.250000     -5.250000     -5.775000     -6.300000     -6.300000
     -3.150000     -3.150000     -3.150000     -2.625000     -2.100000     -2.100000     -2.100000     -2.625000
      0.000000      0.000000      0.000000      0.000000      0.000000      0.000000      0.000000      0.000000
         113 ,   8
     -6.300000     -5.775000     -5.250000     -5.250000     -5.250000     -5.775000     -6.300000     -6.300000
     -2.100000     -2.100000     -2.100000     -1.575000     -1.050000     -1.050000     -1.050000     -1.575000
      0.000000      0.000000      0.000000      0.000000      0.000000      0.000000      0.000000      0.000000
         114 ,   8
     -6.300000     -5.775000     -5.250000     -5.250000     -5.250000     -5.775000     -6.300000     -6.300000
     -1.050000     -1.050000     -1.050000     -0.525000      0.000000      0.000000      0.000000     -0.525000
      0.000000      0.000000      0.000000      0.000000      0.000000      0.000000      0.000000      0.000000
         115 ,   8
     -5.250000     -4.725000     -4.200000     -4.200000     -4.200000     -4.725000     -5.250000     -5.250000
     -6.300000     -6.300000     -6.300000     -5.775000     -5.250000     -5.250000     -5.250000     -5.775000
      0.000000      0.000000      0.000000      0.000000      0.000000      0.000000      0.000000      0.000000
         116 ,   8
     -5.250000     -4.725000     -4.200000     -4.200000     -4.200000     -4.725000     -5.250000     -5.250000
     -5.250000     -5.250000     -5.250000     -4.725000     -4.200000     -4.200000     -4.200000     -4.725000
      0.000000      0.000000      0.000000      0.000000      0.000000      0.000000      0.000000      0.000000
         117 ,   8
     -5.250000     -4.725000     -4.200000     -4.200000     -4.200000     -4.725000     -5.250000     -5.250000
     -4.200000     -4.200000     -4.200000     -3.675000     -3.150000     -3.150000     -3.150000     -3.675000
      0.000000      0.000000      0.000000      0.000000      0.000000      0.000000      0.000000      0.000000
         118 ,   8
     -5.250000     -4.725000     -4.200000     -4.200000     -4.200000     -4.725000     -5.250000     -5.250000
     -3.150000     -3.150000     -3.150000     -2.625000     -2.100000     -2.100000     -2.100000     -2.625000
      0.000000      0.000000      0.000000      0.000000      0.000000      0.000000      0.000000      0.000000
         119 ,   8
     -5.250000     -4.725000     -4.200000     -4.200000     -4.200000     -4.725000     -5.250000     -5.250000
     -2.100000     -2.100000     -2.100000     -1.575000     -1.050000     -1.050000     -1.050000     -1.575000
      0.000000      0.000000      0.000000      0.000000      0.000000      0.000000      0.000000      0.000000
         120 ,   8
     -5.250000     -4.725000     -4.200000     -4.200000     -4.200000     -4.725000     -5.250000     -5.250000
     -1.050000     -1.050000     -1.050000     -0.525000      0.000000      0.000000      0.000000     -0.525000
      0.000000      0.000000      0.000000      0.000000      0.000000      0.000000      0.000000      0.000000
         121 ,   8
     -4.200000     -3.675000     -3.150000     -3.150000     -3.150000     -3.675000     -4.200000     -4.200000
     -6.300000     -6.300000     -6.300000     -5.775000     -5.250000     -5.250000     -5.250000     -5.775000
      0.000000      0.000000      0.000000      0.000000      0.000000      0.000000      0.000000      0.000000
         122 ,   8
     -4.200000     -3.675000     -3.150000     -3.150000     -3.150000     -3.675000     -4.200000     -4.200000
     -5.250000     -5.250000     -5.250000     -4.725000     -4.200000     -4.200000     -4.200000     -4.725000
      0.000000      0.000000      0.000000      0.000000      0.000000      0.000000      0.000000      0.000000
         123 ,   8
     -4.200000     -3.675000     -3.150000     -3.150000     -3.150000     -3.675000     -4.200000     -4.200000
     -4.200000     -4.200000     -4.200000     -3.675000     -3.150000     -3.150000     -3.150000     -3.675000
      0.000000      0.000000      0.000000      0.000000      0.000000      0.000000      0.000000      0.000000
         124 ,   8
     -4.200000     -3.675000     -3.150000     -3.150000     -3.150000     -3.675000     -4.200000     -4.200000
     -3.150000     -3.150000     -3.150000     -2.625000     -2.100000     -2.100000     -2.100000     -2.625000
      0.000000      0.000000      0.000000      0.000000      0.000000      0.000000      0.000000      0.000000
         125 ,   8
     -4.200000     -3.675000     -3.150000     -3.150000     -3.150000     -3.675000     -4.200000     -4.200000
     -2.100000     -2.100000     -2.100000     -1.575000     -1.050000     -1.050000     -1.050000     -1.575000
      0.000000      0.000000      0.000000      0.000000      0.000000      0.000000      0.000000      0.000000
         126 ,   8
     -4.200000     -3.675000     -3.150000     -3.150000     -3.150000     -3.675000     -4.200000     -4.200000
     -1.050000     -1.050000     -1.050000     -0.525000      0.000000      0.000000      0.000000     -0.525000
      0.000000      0.000000      0.000000      0.000000      0.000000      0.000000      0.000000      0.000000
         127 ,   8
     -3.150000     -2.625000     -2.100000     -2.100000     -2.100000     -2.625000     -3.150000     -3.150000
     -6.300000     -6.300000     -6.300000     -5.775000     -5.250000     -5.250000     -5.250000     -5.775000
      0.000000      0.000000      0.000000      0.000000      0.000000      0.000000      0.000000      0.000000
         128 ,   8
     -3.150000     -2.625000     -2.100000     -2.100000     -2.100000     -2.625000     -3.150000     -3.150000
     -5.250000     -5.250000     -5.250000     -4.725000     -4.200000     -4.200000     -4.200000     -4.725000
      0.000000      0.000000      0.000000      0.000000      0.000000      0.000000      0.000000      0.000000
         129 ,   8
     -3.150000     -2.625000     -2.100000     -2.100000     -2.100000     -2.625000     -3.150000     -3.150000
     -4.200000     -4.200000     -4.200000     -3.675000     -3.150000     -3.150000     -3.150000     -3.675000
      0.000000      0.000000      0.000000      0.000000      0.000000      0.000000      0.000000      0.000000
         130 ,   8
     -3.150000     -2.625000     -2.100000     -2.100000     -2.100000     -2.625000     -3.150000     -3.150000
     -3.150000     -3.150000     -3.150000     -2.625000     -2.100000     -2.100000     -2.100000     -2.625000
      0.000000      0.000000      0.000000      0.000000      0.000000      0.000000      0.000000      0.000000
         131 ,   8
     -3.150000     -2.625000     -2.100000     -2.100000     -2.100000     -2.625000     -3.150000     -3.150000
     -2.100000     -2.100000     -2.100000     -1.575000     -1.050000     -1.050000     -1.050000     -1.575000
      0.000000      0.000000      0.000000      0.000000      0.000000      0.000000      0.000000      0.000000
         132 ,   8
     -3.150000     -2.625000     -2.100000     -2.100000     -2.100000     -2.625000     -3.150000     -3.150000
     -1.050000     -1.050000     -1.050000     -0.525000      0.000000      0.000000      0.000000     -0.525000
      0.000000      0.000000      0.000000      0.000000      0.000000      0.000000      0.000000      0.000000
         133 ,   8
     -2.100000     -1.575000     -1.050000     -1.050000     -1.050000     -1.575000     -2.100000     -2.100000
     -6.300000     -6.300000     -6.300000     -5.775000     -5.250000     -5.250000     -5.250000     -5.775000
      0.000000      0.000000      0.000000      0.000000      0.000000      0.000000      0.000000      0.000000
         134 ,   8
     -2.100000     -1.575000     -1.050000     -1.050000     -1.050000     -1.575000     -2.100000     -2.100000
     -5.250000     -5.250000     -5.250000     -4.725000     -4.200000     -4.200000     -4.200000     -4.725000
      0.000000      0.000000      0.000000      0.000000      0.000000      0.000000      0.000000      0.000000
         135 ,   8
     -2.100000     -1.575000     -1.050000     -1.050000     -1.050000     -1.575000     -2.100000     -2.100000
     -4.200000     -4.200000     -4.200000     -3.675000     -3.150000     -3.150000     -3.150000     -3.675000
      0.000000      0.000000      0.000000      0.000000      0.000000      0.000000      0.000000      0.000000
         136 ,   8
     -2.100000     -1.575000     -1.050000     -1.050000     -1.050000     -1.575000     -2.100000     -2.100000
     -3.150000     -3.150000     -3.150000     -2.625000     -2.100000     -2.100000     -2.100000     -2.625000
      0.000000      0.000000      0.000000      0.000000      0.000000      0.000000      0.000000      0.000000
         137 ,   8
     -2.100000     -1.575000     -1.050000     -1.050000     -1.050000     -1.575000     -2.100000     -2.100000
     -2.100000     -2.100000     -2.100000     -1.575000     -1.050000     -1.050000     -1.050000     -1.575000
      0.000000      0.000000      0.000000      0.000000      0.000000      0.000000      0.000000      0.000000
         138 ,   8
     -2.100000     -1.575000     -1.050000     -1.050000     -1.050000     -1.575000     -2.100000     -2.100000
     -1.050000     -1.050000     -1.050000     -0.525000      0.000000      0.000000      0.000000     -0.525000
      0.000000      0.000000      0.000000      0.000000      0.000000      0.000000      0.000000      0.000000
         139 ,   8
     -1.050000     -0.525000      0.000000      0.000000      0.000000     -0.525000     -1.050000     -1.050000
     -6.300000     -6.300000     -6.300000     -5.775000     -5.250000     -5.250000     -5.250000     -5.775000
      0.000000      0.000000      0.000000      0.000000      0.000000      0.000000      0.000000      0.000000
         140 ,   8
     -1.050000     -0.525000      0.000000      0.000000      0.000000     -0.525000     -1.050000     -1.050000
     -5.250000     -5.250000     -5.250000     -4.725000     -4.200000     -4.200000     -4.200000     -4.725000
      0.000000      0.000000      0.000000      0.000000      0.000000      0.000000      0.000000      0.000000
         141 ,   8
     -1.050000     -0.525000      0.000000      0.000000      0.000000     -0.525000     -1.050000     -1.050000
     -4.200000     -4.200000     -4.200000     -3.675000     -3.150000     -3.150000     -3.150000     -3.675000
      0.000000      0.000000      0.000000      0.000000      0.000000      0.000000      0.000000      0.000000
         142 ,   8
     -1.050000     -0.525000      0.000000      0.000000      0.000000     -0.525000     -1.050000     -1.050000
     -3.150000     -3.150000     -3.150000     -2.625000     -2.100000     -2.100000     -2.100000     -2.625000
      0.000000      0.000000      0.000000      0.000000      0.000000      0.000000      0.000000      0.000000
         143 ,   8
     -1.050000     -0.525000      0.000000      0.000000      0.000000     -0.525000     -1.050000     -1.050000
     -2.100000     -2.100000     -2.100000     -1.575000     -1.050000     -1.050000     -1.050000     -1.575000
      0.000000      0.000000      0.000000      0.000000      0.000000      0.000000      0.000000      0.000000
         144 ,   8
     -1.050000     -0.525000      0.000000      0.000000      0.000000     -0.525000     -1.050000     -1.050000
     -1.050000     -1.050000     -1.050000     -0.525000      0.000000      0.000000      0.000000     -0.525000
      0.000000      0.000000      0.000000      0.000000      0.000000      0.000000      0.000000      0.000000
 
   4.200000       6.300000    
 Inner and outer Radia of the damping layer
